3   160.0     304.0     3
3   448.0     304.0     2
3   672.0     304.0     2
3   960.0     304.0     0
3  1216.0     304.0     3
5   -32.0     240.0    -1
5   -32.0     272.0    -1
5   -32.0     304.0    -1
5   -32.0     336.0    -1
5   -32.0     368.0    -1
5     0.0     368.0    -1
5    32.0     368.0    -1 
5    64.0     368.0    -1
5    96.0     368.0    -1
5   128.0     368.0    -1
5   160.0     368.0    -1
5   192.0     368.0    -1
5   224.0     368.0    -1
5   256.0     368.0    -1
5   288.0     368.0    -1
5   320.0     368.0    -1
5   352.0     368.0    -1
5   384.0     368.0    -1
5   416.0     368.0    -1
5   448.0     368.0    -1
5   480.0     368.0    -1
5   512.0     368.0    -1
5   544.0     368.0    -1
5   576.0     368.0    -1
5   608.0     368.0    -1
5   640.0     368.0    -1
5   672.0     368.0    -1
5   704.0     368.0    -1
5   736.0     368.0    -1
5   768.0     368.0    -1
5   800.0     368.0    -1
5   832.0     368.0    -1
5   864.0     368.0    -1
5   896.0     368.0    -1
5   928.0     368.0    -1
5   960.0     368.0    -1
5   992.0     368.0    -1
5   1024.0    368.0    -1
5   1056.0    368.0    -1
5   1088.0    368.0    -1
5   1120.0    368.0    -1
5   1152.0    368.0    -1
5   1184.0    368.0    -1
5   1216.0    368.0    -1
5   1248.0    368.0    -1
5   1280.0    368.0    -1
5   1312.0    368.0    -1
5   1344.0    368.0    -1
5   1376.0    368.0    -1
5   1408.0    368.0    -1
5   1440.0    368.0    -1
5   1472.0    368.0    -1
5   1504.0    240.0    -1
5   1504.0    272.0    -1
5   1504.0    304.0    -1
5   1504.0    336.0    -1
5   1504.0    368.0    -1
6   1378.0    304.0    -1