10001   900      0   960     66
10002   840      0   900     66
10003   780      0   840     66
10004   720      0   780     66
10005     0      0    60     66
10006    60      0   120     66
10007   120      0   180     66
10008   180      0   240     66
10009   600    216   660    264
10010   300    216   360    264
10011   480     84   540    132
10012   900    150   960    198
10013   840    150   900    198
10014   420     84   480    132
10015     0    150    60    198
10016    60    150   120    198
10017   300      0   360     66
10018   360      0   420     66
10019   420      0   480     66
10020   600      0   660     66
10021   540      0   600     66
10022   480      0   540     66
10023   215    120   275    186
10024   660    66    720    132  
10025   600    66    660    132  
10026   240    66    300    132  
10027   300    66    360    132 
  



