10051    960     0      1120    68
10052    800     0      960     68
10053    640     0      800     68
10057    480     0      640     68
10054      0     0      160     68
10055    160     0      320     68
10056    320     0      480     68
10058    960    68      1120    136
10059    800    68      960     136
10060    640    68      800     136
10061      0    68      160     136
10062    160    68      320     136
10063    320    68      480     136
10064    960    136     1120    204
10065    800    136     960     204
10066    640    136     800     204
10067      0    136     160     204
10068    160    136     320     204
10069    320    136     480     204