


1 5440 336 1 1 -1
1 5536 272 1 1 -1
1 5568 272 1 1 -1
1 5600 272 1 1 -1
1 5616 80 1 1 -1
1 5616 112 1 1 -1
1 5616 144 1 1 -1
1 5616 176 1 1 -1
1 5616 208 1 1 -1
1 5616 240 1 1 -1
1 5616 304 1 1 -1
1 5616 336 1 1 -1
1 5616 368 1 1 -1
1 4032 80 1 1 -1
1 4064 80 1 1 -1




2 1248 368 0 1 -1
2 1280 336 0 1 -1
2 1312 304 0 1 -1
2 1344 272 0 1 -1
2 1440 240 0 1 -1
2 1472 208 0 1 -1
2 1856 240 1 1 -1
2 1824 208 1 1 -1
2 2592 368 0 1 -1
2 2624 336 0 1 -1
2 2656 304 0 1 -1
2 2688 272 0 1 -1
2 2720 240 0 1 -1
2 2752 208 0 1 -1
2 3424 272 1 1 -1
2 3456 304 1 1 -1
2 3488 336 1 1 -1
2 3520 368 1 1 -1
2 3168 400 1 1 -1
2 3872 272 1 1 -1
2 3904 304 1 1 -1
2 3936 336 1 1 -1
2 3968 368 1 1 -1
2 3808 400 1 1 -1
2 4320 208 1 1 -1
2 4352 240 1 1 -1
2 4704 272 1 1 -1
2 4736 304 1 1 -1
2 4768 336 1 1 -1
2 4800 368 1 1 -1
2 5472 304 0 1 -1 
2 5504 272 0 1 -1
3 3056 112 1 1 -1
3 4080 112 1 1 -1
4 500 335 2 1 5
4 532 335 2 1 6
4 564 335 2 1 -1
4 1400 335 2 1 5
4 1432 335 2 1 11
4 2400 335 2 1 6
4 2432 335 2 1 5
4 2480 335 2 1 13
4 2812 335 2 1 -1
4 2862 335 2 1 5
4 4512 207 2 1 5
4 4480 335 2 1 -1
4 4544 335 2 1 -1
4 4900 335 2 1 5
5 1376 238 3 1 -1
5 1760 174 3 1 -1
5 1888 238 3 1 -1
6 3328 208 2 1 5
6 3328 208 2 1 5
6 3840 208 2 1 5
6 3840 208 2 1 5
8 5296 96 2 1 17
9 3168 430 2 1 -1
9 3808 430 2 1 -1
11 2016 272 0 1 11
11 3584 336 0 1 -1
11 3584 368 0 1 16
11 5472 336 0 1 14