4     -32     240.0    -1     -1   32      160
4     0.0     400.0    -1     -1   3168 	32
4   3200.0    400.0    -1     -1   608 	    32
4   3840.0    400.0    -1     -1   1776 	32
4   5600.0     80.0    -1     -1   32      320
4   1376.0    272.0    -1     -1   96      32
4   1504.0    208.0    -1     -1   320     32
4   1856.0    272.0    -1     -1   160     32
4   2784.0    208.0    -1     -1   544     32
4   3056.0     80.0    -1     -1   32      32
4   3056.0    240.0    -1     -1   32      160
4   3328.0    272.0    -1     -1   96      32
4   3584.0    240.0    -1     -1   192     32
4   3584.0    272.0    -1     -1   128     64
4   3616.0    336.0    -1     -1   96      64
4   3776.0    272.0    -1     -1   96      32
4   3904.0    208.0    -1     -1   416     32      
4   4032.0    80.0     -1     -1   64      32
4   4080.0    240.0    -1     -1   16      160
4   4352.0    272.0    -1     -1   352     32
4   5440.0    336.0    -1     -1   32      32
4   5536.0    272.0    -1     -1   96      32
3    56        336      2       2     -1      -1
3    184       272      2       2     -1      -1
3    312       336      2       2     -1      -1
3    440       272      2       2     -1      -1
3    568       336      2       2     -1      -1
3    696       272      2       2     -1      -1
3    824       336      2       2     -1      -1
3    952       272      2       2     -1      -1
3    1080      336      2       2     -1      -1
3    1208      272      2       2     -1      -1
3    1312      144      2       2     -1      -1
3    1720      144      2       2     -1      -1
3    1976      144      2       2     -1      -1
3    1464      336      2       2     -1      -1
3    1848      336      2       2     -1      -1
3    2104      336      2       2     -1      -1
3    2232      336      2       2     -1      -1
3    2360      336      2       2     -1      -1
3    2488      336      2       2     -1      -1
3    2616      336      2       2     -1      -1
3    2744      272      2       2     -1      -1
3    2872      144      2       2     -1      -1
3    3008      80       2       2     -1      -1
3    3128      336      2       2     -1      -1
3    3256      144      2       2     -1      -1
3    3384      112      2       2     -1      -1
3    3512      272      2       2     -1      -1
3    3672      112      2       2     -1      -1
3    3768      336      2       2     -1      -1
3    3896      80       2       2     -1      -1
3    4024      144      2       2     -1      -1
3    4152      272      2       2     -1      -1
3    4280      144      2       2     -1      -1
3    4408      208      2       2     -1      -1
3    4536      144      2       2     -1      -1
3    4664      336      2       2     -1      -1
3    4792      272      2       2     -1      -1
3    4920      336      2       2     -1      -1
3    5048      336      2       2     -1      -1
3    5176      272      2       2     -1      -1
3    5304      336      2       2     -1      -1
3    5432      272      2       2     -1      -1
3    2016      272      11      3     -1      -1
3    3584      336      0       4     -1      -1
3    3584      368      10      4     -1      -1
3    5472      336      14      3     -1      -1
5    3168      368     -1      -1     -1      -1  