1001 0 0 32 32
1002 32 0 64 32
1003 64 0 96 32
1004 96 0 128 32
1005 128 0 160 32
1006 160 0 192 32
1007 192 0 224 32
1008 224 0 256 32
1009 256 0 288 32
1010 288 0 320 32
1011 320 0 352 32
1012 352 0 384 32
1013 384 0 416 32
1014 416 0 448 32
1015 448 0 480 32
1016 480 0 512 32
1017 512 0 544 32
1018 0 32 32 64
1019 32 32 64 64
1020 64 32 96 64
1021 96 32 128 64
1022 128 32 160 64
1023 160 32 192 64
1024 192 32 224 64
1025 224 32 256 64
1026 256 32 288 64
1027 288 32 320 64
1028 320 32 352 64
1029 352 32 384 64
1030 384 32 416 64
1031 416 32 448 64
1032 448 32 480 64
1033 480 32 512 64
1034 512 32 544 64
1035 0 64 32 96
1036 32 64 64 96
1037 64 64 96 96
1038 96 64 128 96
1039 128 64 160 96
1040 160 64 192 96
1041 192 64 224 96
1042 224 64 256 96
1043 256 64 288 96
1044 288 64 320 96
1045 320 64 352 96
1046 352 64 384 96
1047 384 64 416 96
1048 416 64 448 96
1049 448 64 480 96
1050 480 64 512 96
1051 512 64 544 96
1052 0 96 32 128
1053 32 96 64 128
1054 64 96 96 128
1055 96 96 128 128
1056 128 96 160 128
1057 160 96 192 128
1058 192 96 224 128
1059 224 96 256 128
1060 256 96 288 128
1061 288 96 320 128
1062 320 96 352 128
1063 352 96 384 128
1064 384 96 416 128
1065 416 96 448 128
1066 448 96 480 128
1067 480 96 512 128
1068 512 96 544 128