4    -25       80        -1       -1       32       160
4    0         240       -1       -1       448      32
4    512       240       -1       -1       64       32
4    640       240       -1       -1       288      32
4    192       176       -1       -1       32       32
4    224       176       -1       -1       32       32
4    896       368       -1       -1       32       32
4    928       368       -1       -1       32       32
4    960       304       -1       -1       32       32
4    992       304       -1       -1       32       32
4    1006       80       -1       -1       32       220
3    928	240 	 14        3      -1       -1