2001 0 0 32 32
2002 32 0 64 32
2003 64 0 96 32
2004 96 0 128 32
2005 128 0 160 32
2006 160 0 192 32
2007 192 0 224 32
2008 224 0 256 32
2009 256 0 288 32
2010 288 0 320 32
2011 320 0 352 32
2012 352 0 384 32
2013 384 0 416 32
2014 416 0 448 32
2015 448 0 480 32
2016 480 0 512 32
2017 512 0 544 32
2018 0 32 32 64
2019 32 32 64 64
2020 64 32 96 64
2021 96 32 128 64
2022 128 32 160 64
2023 160 32 192 64
2024 192 32 224 64
2025 224 32 256 64
2026 256 32 288 64
2027 288 32 320 64
2028 320 32 352 64
2029 352 32 384 64
2030 384 32 416 64
2031 416 32 448 64
2032 448 32 480 64
2033 480 32 512 64
2034 512 32 544 64
2035 0 64 32 96
2036 32 64 64 96
2037 64 64 96 96
2038 96 64 128 96
2039 128 64 160 96
2040 160 64 192 96
2041 192 64 224 96
2042 224 64 256 96
2043 256 64 288 96
2044 288 64 320 96
2045 320 64 352 96
2046 352 64 384 96
2047 384 64 416 96
2048 416 64 448 96
2049 448 64 480 96
2050 480 64 512 96
2051 512 64 544 96
2052 0 96 32 128
2053 32 96 64 128
2054 64 96 96 128
2055 96 96 128 128
2056 128 96 160 128
2057 160 96 192 128
2058 192 96 224 128
2059 224 96 256 128
2060 256 96 288 128
2061 288 96 320 128
2062 320 96 352 128
2063 352 96 384 128
2064 384 96 416 128
2065 416 96 448 128
2066 448 96 480 128
2067 480 96 512 128
2068 512 96 544 128
2069 0 128 32 160
2070 32 128 64 160
2071 64 128 96 160
2072 96 128 128 160
2073 128 128 160 160
2074 160 128 192 160
2075 192 128 224 160
2076 224 128 256 160
2077 256 128 288 160
2078 288 128 320 160
2079 320 128 352 160
2080 352 128 384 160
2081 384 128 416 160
2082 416 128 448 160
2083 448 128 480 160
2084 480 128 512 160
2085 512 128 544 160
2086 0 160 32 192
2087 32 160 64 192
2088 64 160 96 192
2089 96 160 128 192
2090 128 160 160 192
2091 160 160 192 192
2092 192 160 224 192
2093 224 160 256 192
2094 256 160 288 192
2095 288 160 320 192
2096 320 160 352 192
2097 352 160 384 192
2098 384 160 416 192
2099 416 160 448 192
2100 448 160 480 192
2101 480 160 512 192
2102 512 160 544 192
