10201	0	65	100	130
10202	0	0	100	65
10203	100	65	200	130
10204	200	65	300	130
10205	300	65	400	130
10206	100	0	200	65
10207	200	0	300	65
10208	300	0	400	65
10209   600	65	700	130
10210   600	0	700	65
10211   500	65	600	130
10212   400	65	500	130
10213	500	0	600	65
10214	400	0	500	65
10215	800	65	900	130
10216	700	65	800	130
10217	800	0	900	65
10218	700	0	800	65
10219	300	130	400	195
10220	600	195	700	260
10221	500	195	600	260
10222	400	195	500	260
10223	600	130	700	195
10224	500	130	600	195
10225	400	130	500	195
10226	0	130	100	195
10227	200	130	300	195
10228	100	130	200	195
10229   900 0   1000 260