300	10201	-1	-1	-1  100
301	10202	-1	-1	-1  100
302	10203	10204	10205	10204   100
303	10206	10207	10208	10207   100
304	10209	-1	-1	-1  100
305	10210	-1	-1	-1  100
306	10212	-1	-1	-1  100
307	10214	-1	-1	-1  100
308	10211	10212	-1	-1  150
309	10213	10214	-1	-1  150
310	10215	10216	-1	-1  100
311	10217	10218	-1	-1  100
312	10219	-1	-1	-1  100
313	10220	10221	10222	10221   100
314	10223	10224	10225	10224   100
315	10226	-1	-1	-1  100
316	10227	10228	-1	-1  100
317	10205	-1	-1	-1	100
318	10208	-1	-1	-1	100