10151   160   0     192     64
10152   192   0     224     64
10153   224   0     240     32
10154   240   0     256     32
10155   288   32    320 	64
10156   256   32    288 	64
10157   224   32    256 	64
10158   32    0     64      32 
10159   0     0     32      32 
10160   0     32    32      64 
10161   32    32    64      64 
10162   128   32    160 	64
10163   64    32    96  	64
10164   32    64    64  	96
10165   64    64    96  	96
10166   0     96    32      128
10167   32    96    64      128
10168   128   0     160     32
10169   96    0     128     32
10170   64    0     96      32
10171   96    64    128     96
10172   0     0     0       0
10173   64    96    96      128
10174   96    32    128      64