10001   900      0   960     66
10002   840      0   900     66
10003   780      0   840     66
10004   720      0   780     66
10005     0      0    60     66
10006    60      0   120     66
10007   120      0   180     66
10008   180      0   240     66
10009   600    216   660    264
10010   300    216   360    264
10011   480     84   540    132
10012   900    150   960    198
10013   840    150   900    198
10014   420     84   480    132
10015     0    150    60    198
10016    60    150   120    198
10017   300      0   360     66
10018   360      0   420     66
10019   420      0   480     66
10020   600      0   660     66
10021   540      0   600     66
10022   480      0   540     66
10023   660    198   720    264
10024   900     66   960    132
10025     0     66    60    132
10026	660 	66	 720	132
10027	240 	66	 300	132
10028	600 	66	 660	132
10029	660 	66	 720	132
10030	180 	66	 240	132
10031	240 	66	 300	132
10032	600 	132	 660	198
10033	540 	132	 600	198
10034	480 	132	 540	198
10035	300 	132	 360	198
10036	360 	132	 420	198
10037	420 	132	 480	198
10038	780 	66	 840	132
10039	120 	66	 180	132
10040	720 	66	 780	132
10041	780 	66	 840	132
10042	180 	66	 240	132
10043	120 	66	 180	132
10044	780 	132	 840	198
10045	720 	132	 780	198
10046	660 	132	 720	198
10047	120 	132	 180	198
10048	180 	132	 240	198
10049	240 	132	 300	198
10050   240     198  300    264