100 10001 -1    -1    -1    100
101 10005 -1    -1    -1    100
102 10009 -1    -1    -1    100
103 10010 -1    -1    -1    100
104 10009 -1    -1    -1    100
105 10010 -1    -1    -1    100
106 10002 10003 10004 10001 100
107 10006 10007 10008 10005 100
108 10020 10021 10022 10001 100
109 10017 10018 10019 10005 100
110 10011 10012 10013 10009 100
111 10014 10015 10016 10010 100
112 10023 -1    -1    -1    100
113 10024 -1    -1    -1    100
114 10025 -1    -1    -1    100
115	10026 -1	-1	  -1	100
116	10027 -1	-1	  -1	100
117	10028 10029	-1	  -1	100
118	10030 10031	-1	  -1	100
119	10032 10033	10034 10026	100
120	10035 10036	10037 10027	100
121	10038 -1	-1	  -1	100
122	10039 -1	-1	  -1	100
123	10040 10041	-1	  -1	100
124	10042 10043	-1	  -1	100
125	10044 10045	10046 10038	100
126	10047 10048	10049 10039	100
127 10050 -1    -1    -1    100