7
0    1   160.0    304.0   1    1     32      64
0    3   0.0      368.0   6    0     1504    32
0    3   -32.0    240.0   7    0     32      120
1    1   448.0    304.0   2    1     32      64
1    3   0.0      368.0   6    -1     1504    32
2    1   672.0    304.0   3    1     32      64
2    3   0.0      368.0   6    -1     1504    32
3    1   960.0    304.0   4    1     32      64
3    3   0.0      368.0   6    -1     1504    32
4    1   1216.0   304.0   5    1     32      64
4    3   0.0      368.0   6    -1     1504    32
5    3   0.0      368.0   6    -1     1504    32
5    3   1504.0   240.0   8    -1     32      120
5    4   1474.0   304.0   9    2    0       300
5    8   1378.0   304.0   10   0     0       0
5    8   1378.0   304.0   10   0     0       0
6    3   1504.0   240.0   8    -1     32      120