0 3 -25 80 1 -1 32 160
1 3 0 240 2 -1 448 32
1 3 0 240 2 -1 448 32
2 3 512 240 3 -1 64 32
3 3 640 240 4 -1 288 32
3 3 640 240 4 -1 288 32
0 3 192 176 5 -1 32 32
1 3 224 176 6 -1 32 32
1 3 224 176 6 -1 32 32
3 3 896 368 7 -1 32 32
3 3 928 368 8 -1 32 32
3 3 960 304 9 -1 32 32
4 3 992 304 10 -1 32 32
4 3 992 304 10 -1 32 32
4 3 1006 80 11 -1 32 220
4 3 1006 80 11 -1 32 220
3 1 928 240 12 3 -1 -1
0 5 160 176 15 2 8 160
3 5 864 240 20 2 8 880
12 4 96 48 21 2 3153 356
12 4 96 48 21 2 3153 356
12 4 96 48 21 2 3153 356
12 4 96 48 21 2 3153 356
12 4 96 48 21 2 3153 356
12 4 96 48 21 2 3153 356
12 4 96 48 21 2 3153 356
12 4 96 48 21 2 3153 356
12 4 96 48 21 2 3153 356
12 4 96 48 21 2 3153 356
12 4 96 48 21 2 3153 356
12 4 96 48 21 2 3153 356
12 4 96 48 21 2 3153 356
17 4 736 48 22 2 3793 356
17 4 736 48 22 2 3793 356
17 4 736 48 22 2 3793 356
17 4 736 48 22 2 3793 356
17 4 736 48 22 2 3793 356
17 4 736 48 22 2 3793 356
17 4 736 48 22 2 3793 356
17 4 736 48 22 2 3793 356
17 4 736 48 22 2 3793 356
17 4 736 48 22 2 3793 356
17 4 736 48 22 2 3793 356
17 4 736 48 22 2 3793 356
17 4 736 48 22 2 3793 356
17 4 736 48 22 2 3793 356
17 4 736 48 22 2 3793 356
17 4 736 48 22 2 3793 356
0 10 -1 -1 -1 -1 -1 -1
0 10 -1 -1 -1 -1 -1 -1
