0 3 -32 240 1 0 32 160
0 3 0 400 2 0 5616 32
0 1 56 336 20 0 15 40
0 1 184 272 21 0 15 40
1 3 0 400 2 0 5616 32
1 1 312 336 22 0 15 40
1 1 440 272 23 0 15 40
2 3 0 400 2 0 5616 32
2 1 568 336 24 0 15 40
2 1 696 272 25 0 15 40
3 3 0 400 2 0 5616 32
3 1 824 336 26 0 15 40
3 1 952 272 27 0 15 40
4 3 0 400 2 0 5616 32
4 1 1080 336 28 0 15 40
4 1 1208 272 29 0 15 40
4 5 1232 400 66 0 0 0
5 3 0 400 2 0 5616 32
5 3 1376 272 4 0 96 32
5 3 1504 208 5 0 320 32
5 1 1312 144 30 0 15 40
5 1 1464 336 33 0 15 40
5 5 1360 272 67 0 0 0
5 5 1424 272 68 0 0 0
5 5 1488 208 69 0 0 0
5 11 1381 240 88 0 65 30
6 3 0 400 2 0 5616 32
6 3 1504 208 5 0 320 32
6 1 1720 144 31 0 15 40
6 11 1759 176 89 0 65 30
7 3 0 400 2 0 5616 32
7 3 1504 208 5 0 320 32
7 3 1856 272 6 0 160 32
7 1 1976 144 32 0 15 40
7 1 1848 336 34 0 15 40
7 1 2016 272 62 0 32 32
7 5 1792 208 70 0 0 0
7 5 1856 272 71 0 0 0
7 11 1759 176 89 0 65 30
7 11 1918 240 90 0 65 30
8 3 0 400 2 0 5616 32
8 1 2104 336 35 0 15 40
8 1 2232 336 36 0 15 40
8 1 2016 272 62 0 32 32
9 3 0 400 2 0 5616 32
9 1 2360 336 37 0 15 40
9 1 2488 336 38 0 15 40
10 3 0 400 2 0 5616 32
10 3 2784 208 7 0 544 32
10 1 2616 336 39 0 15 40
10 1 2744 272 40 0 15 40
10 5 2576 400 72 0 0 0
10 5 2768 208 73 0 0 0
11 3 0 400 2 0 5616 32
11 3 2784 208 7 0 544 32
11 3 3056 80 8 0 32 320
11 1 2872 144 41 0 15 40
11 1 3008 80 42 0 15 40
11 8 3050 144 92 0 0 0
12 3 0 400 2 0 5616 32
12 3 2784 208 7 0 544 32
12 3 3056 80 8 0 32 320
12 1 3128 336 43 0 15 40
12 1 3256 144 44 0 15 40
12 5 3136 400 74 0 0 0
12 4 3184 416 86 0 0 0
12 8 3120 80 93 0 0 0
13 3 0 400 2 0 5616 32
13 3 2784 208 7 0 544 32
13 3 3328 272 9 0 96 32
13 1 3384 112 45 0 15 40
13 1 3512 272 46 0 15 40
13 5 3392 272 75 0 0 0
13 5 3520 400 76 0 0 0
14 3 0 400 2 0 5616 32
14 3 3584 240 10 0 192 32
14 3 3584 272 11 0 128 64
14 3 3616 336 12 0 96 64
14 3 3776 272 13 0 96 32
14 1 3672 112 47 0 15 40
14 1 3768 336 48 0 15 40
14 1 3584 336 63 0 32 32
14 1 3584 368 64 0 32 32
14 5 3776 400 77 0 0 0
14 4 3825 416 87 0 0 0
15 3 0 400 2 0 5616 32
15 3 3776 272 13 0 96 32
15 3 3904 208 14 0 416 32
15 3 4032 80 15 0 64 32
15 3 4080 240 16 0 16 160
15 1 3896 80 49 0 15 40
15 1 4024 144 50 0 15 40
15 5 3840 272 78 0 0 0
15 5 3968 400 79 0 0 0
16 3 0 400 2 0 5616 32
16 3 3904 208 14 0 416 32
16 3 4032 80 15 0 64 32
16 3 4080 240 16 0 16 160
16 1 4152 272 51 0 15 40
16 1 4280 144 52 0 15 40
16 5 4292 208 80 0 0 0
17 3 0 400 2 0 5616 32
17 3 4352 272 17 0 352 32
17 1 4408 208 53 0 15 40
17 1 4536 144 54 0 15 40
17 5 4352 272 81 0 0 0
18 3 0 400 2 0 5616 32
18 3 4352 272 17 0 352 32
18 1 4664 336 55 0 15 40
18 1 4792 272 56 0 15 40
18 5 4672 272 82 0 0 0
18 5 4800 400 83 0 0 0
19 3 0 400 2 0 5616 32
19 1 4920 336 57 0 15 40
19 1 5048 336 58 0 15 40
20 3 0 400 2 0 5616 32
20 1 5176 272 59 0 15 40
20 1 5304 336 60 0 15 40
21 3 0 400 2 0 5616 32
21 3 5600 80 3 0 32 320
21 3 5440 336 18 0 32 32
21 3 5536 272 19 0 96 32
21 1 5432 272 61 0 15 40
21 1 5472 336 65 0 32 32
21 5 5456 336 84 0 0 0
21 5 5520 272 85 0 0 0
22 3 5600 80 3 0 32 320
22 3 5536 272 19 0 96 32
