3     -32     240.0    1      -1      32      160
3     0.0     400.0    2      -1      5616 	  32
3   5600.0     80.0    4     -1      32      320
3   1376.0    272.0    5     -1      96      32
3   1504.0    208.0    6     -1      320     32
3   1856.0    272.0    7     -1      160     32
3   2784.0    208.0    8     -1      544     32
3   3056.0     80.0    9     -1      32      32
3   3056.0    240.0    10     -1      32      160
3   3328.0    272.0    11     -1      96      32
3   3584.0    240.0    12     -1      192     32
3   3584.0    272.0    13     -1      128     64
3   3616.0    336.0    14     -1      96      64
3   3776.0    272.0    15     -1      96      32
3   3904.0    208.0    16     -1      416     32      
3   4032.0    80.0     17     -1      64      32
3   4080.0    240.0    18     -1      16      160
3   4352.0    272.0    19     -1      352     32
3   5440.0    336.0    20     -1      32      32
3   5536.0    272.0    21     -1      96      32
1    56        336     22      2     -1      -1
1    184       272     23      2     -1      -1
1    312       336     24      2     -1      -1
1    440       272     25      2     -1      -1
1    568       336     26      2     -1      -1
1    696       272     27      2     -1      -1
1    824       336     28      2     -1      -1
1    952       272     29      2     -1      -1
1    1080      336     30      2     -1      -1
1    1208      272     31      2     -1      -1
1    1312      144     32      2     -1      -1
1    1720      144     33      2     -1      -1
1    1976      144     34      2     -1      -1
1    1464      336     35      2     -1      -1
1    1848      336     36      2     -1      -1
1    2104      336     37      2     -1      -1
1    2232      336     38      2     -1      -1
1    2360      336     39      2     -1      -1
1    2488      336     40      2     -1      -1
1    2616      336     41      2     -1      -1
1    2744      272     42      2     -1      -1
1    2872      144     43      2     -1      -1
1    3008      80      44      2     -1      -1
1    3128      336     45      2     -1      -1
1    3256      144     46      2     -1      -1
1    3384      112     47      2     -1      -1
1    3512      272     48      2     -1      -1
1    3672      112     49      2     -1      -1
1    3768      336     50      2     -1      -1
1    3896      80      51      2     -1      -1
1    4024      144     52      2     -1      -1
1    4152      272     53      2     -1      -1
1    4280      144     54      2     -1      -1
1    4408      208     55      2     -1      -1
1    4536      144     56      2     -1      -1
1    4664      336     57      2     -1      -1
1    4792      272     58      2     -1      -1
1    4920      336     59      2     -1      -1
1    5048      336     60      2     -1      -1
1    5176      272     61      2     -1      -1
1    5304      336     62      2     -1      -1
1    5432      272     63      2     -1      -1
1    2016      272     64      3     -1      -1
1    3584      336     65      4     -1      -1
1    3584      368     66      4     -1      -1
1    5472      336     67      3     -1      -1 
7    -1        -1      69     -1     -1      -1
5    1232      400     70     1      8      1216
5    1360      272     71     4      8      1360
5    1424      272     72     1      4      1424
5    1488      208     73     4      4      1488
5    1792      208     74     3      4      1792
5    1856      272     75     2      4      1888
5    2576      400     76     1      8      2576
5    2768      208     77     4      8      2768
5    3136      400     78     3      8      3136
5    3392      272     79     3      8      3392
5    3520      400     80     2      8      3536
5    3776      400     81     3      8      3776
5    3840      272     82     3      8      3840
5    3968      400     83     2      8      3984
5    4292      208     84     3      4      4292
5    4352      272     85     2      4      4368
5    4672      272     86     3      8      4672
5    4800      400     87     2      8      4816
5    5456      336     88     1      4      5456
5    5520      272     89     4      4      5520
4    3184      416     68     3     112     64 
4    3825      416     68     3     756     64