3    -25       80        -1       -1       32       160
3    0         240       -1       -1       448      32
3    512       240       -1       -1       64       32
3    640       240       -1       -1       288      32
3    192       176       -1       -1       32       32
3    224       176       -1       -1       32       32
3    896       368       -1       -1       32       32
3    928       368       -1       -1       32       32
3    960       304       -1       -1       32       32
3    992       304       -1       -1       32       32
3    1006       80       -1       -1       32       220
1    928	240 	 14        3      -1       -1